# i		p_x		p_y		p_z		radius
525	351.411943792	112.663082699	10.9126801983	10.9273275484
538	112.963509984	117.758575372	3.16077092456	3.16197975079
544	138.208785842	76.5834637079	18.4190790103	4.69294135089
549	390.086522312	191.612511952	15.4545507834	5.18529806071
550	918.935820056	185.896355061	9.55278653628	9.58258753991
555	710.804100138	127.205232728	15.4413039786	12.2262091659
560	532.001129738	143.242983867	23.2843513126	7.00411310117
561	420.602268303	81.4571529935	4.12330166561	4.16896249273
563	324.580423373	22.4565670228	4.51243235389	4.51489692517
568	598.778541196	88.7891168834	7.21021014134	7.22104913656
569	825.025471313	32.1524551724	13.1597810812	13.1694245814
570	319.436346855	93.5656647673	20.3191900558	8.59671982538
571	993.990028961	88.9183756899	25.9588171268	9.98976729176
575	427.932592395	74.5680327362	14.7410662438	10.498711347
576	576.545242754	4.70310640032	4.68253509192	4.73350331196
577	123.393793285	55.295671627	18.3474387536	7.75696060139
579	520.072050373	115.059474561	16.9632932006	6.16466665559
581	723.689849342	138.384286468	2.00073154924	2.00121575899
584	999.988692351	22.1783728061	2.74624994648	2.74716240761
585	570.082544198	133.324963694	13.1921449035	13.2135012318
589	115.399253053	144.968474947	8.84650437555	8.87090004855
596	263.731326495	173.905808213	10.9372584897	10.9616913383
598	793.460790188	188.609052512	8.39133355532	8.39638200213
599	639.728638216	17.4521086028	3.65268448946	3.65429904829
600	773.771567395	154.268749916	15.7126404593	4.30816527188
607	948.651201991	41.715641519	1.98599288791	1.98646998825
610	138.339106683	193.17047526	6.84057927409	6.86388123065
615	38.5810318009	158.232663213	4.97706259556	4.98006117155
617	916.161709409	61.8501563037	9.61188046606	9.62427081609
619	147.261851453	57.502786693	4.6685072708	4.67114537819
622	454.290672696	71.990249961	24.5353942704	9.7711016309
623	989.338598382	160.690561107	4.7349984419	4.75048778084
624	58.7283586354	129.147802346	13.7162223935	13.7376666205
629	75.2316043071	156.133864368	3.55216825166	3.55369513564
630	35.9202300396	136.477256641	4.91898706526	4.93360152257
633	192.840750129	198.064985679	1.93532811297	1.97273297016
637	886.286334982	82.3833774308	21.5927490943	8.83677005807
639	340.907277092	52.3347238637	6.18349867327	6.22240730353
644	559.717848399	35.8936227175	2.27420560783	2.27483127604
646	306.469824475	137.71200695	7.80889359387	7.81158747712
652	499.676923648	95.9176826142	7.73127537939	7.7669678608
655	205.588180663	50.4036100254	13.0399882111	13.0474334881
657	80.0863716659	40.6030177958	2.57790521169	2.57870920132
658	115.012340666	7.02690514172	23.0294214105	7.02824588801
662	143.774273976	137.312439425	5.20012817442	5.2229399635
664	179.394654503	4.99184007215	19.5852380961	4.99372572557
665	299.514176967	152.324797633	8.38672692253	8.40274037993
668	678.807941771	92.6997585009	10.2643751893	10.2931110427
672	916.320155212	170.608747146	6.2498699907	6.25456169632
680	977.023552458	75.0657343818	3.05838558651	3.0842275986
682	620.385273598	132.090419008	1.15170980398	1.15187022187
684	793.334584497	87.6967291724	1.31209240629	1.31230062146
688	720.907919997	114.697001802	6.28182477481	6.31809252947
691	765.92133105	4.31597950039	4.3128624224	4.31511370592
698	208.1100467	92.8792352875	16.1991921481	16.2193142623
700	833.662063163	140.978387868	28.9381027138	7.44041414065
702	606.603388725	49.2741776657	13.9671922426	13.978048725
706	472.486728602	157.938119771	3.03070203816	3.07034958111
709	242.463698698	40.023524578	5.68392793449	5.68783940766
711	179.740638585	195.493905725	4.33192042496	4.3341916592
717	382.531313713	117.394801323	23.5292624666	5.74838800326
723	563.055541181	189.630300839	2.3651575766	2.36583430492
725	177.022055467	136.383125896	5.32953894768	5.33297757586
728	891.7692901	71.8108869843	8.70209762528	8.72503410342
731	273.805949229	191.016595521	8.99661215499	9.00374443831
735	316.62632109	41.1465584827	4.1120801673	4.1141266167
736	441.207479951	157.584258262	9.66217258432	9.68215722656
739	411.057438614	85.5022959874	6.4849133985	6.49809512231
741	169.796344125	151.56213486	9.12280399272	9.13874565616
744	767.820172401	43.0807723309	6.54971015399	6.55781150693
745	231.783084932	122.991585991	10.9009372688	10.9142339366
746	159.832322798	33.8115831588	5.92509972256	5.94272506569
752	439.742040965	1.40691020623	1.40638612789	1.4066253507
753	257.073313509	155.690047202	8.43743770658	8.44986877863
758	928.725054389	195.918739619	4.07548342661	4.07749359426
760	106.090443599	195.197157816	4.5543580911	4.55686869809
761	616.933255489	34.2485988046	23.3601594955	6.53485098903
762	877.575516165	73.4044621236	4.08715739462	4.08917910048
763	460.498559905	114.398763158	9.15173237565	9.15457630716
764	888.504467115	170.443539316	5.55503930478	5.55882918546
765	306.883296956	146.661144409	2.56005485341	2.58246210432
770	887.596677475	147.240280555	21.2133928148	9.19849209264
771	188.000975689	58.2993219697	7.13236358963	7.18016160617
773	229.129351713	50.2183671941	10.6103426393	10.627064536
777	602.567684811	115.553130154	22.9086476755	10.3009977145
780	190.636408323	87.7423225926	5.10179365511	5.15181768257
781	944.744387007	132.226259301	9.16545067444	9.20246196867
789	880.913708989	83.6670455246	6.87585179185	6.88868865817
790	349.951693047	142.395347451	7.09727585931	7.10816442692
793	556.2882242	144.865111538	24.48957193	8.02726755248
794	960.827334344	181.313550547	13.7283664785	6.23019696727
795	37.810711176	130.698680966	22.7648734105	9.11343256569
798	360.199728941	178.758792734	8.9933013379	9.00177752641
799	838.794790779	97.5583215312	17.9362144923	16.1165690588
804	86.0104277551	77.6974877007	6.39728767228	6.41241986039
805	981.782993321	42.7124759832	21.1218645533	8.31756542137
809	220.450585739	68.6536244993	18.0875299051	11.0498271146
810	182.380038464	154.845618474	23.0229387013	9.61888563951
811	578.925596768	194.895402935	15.8887969875	5.11178762791
814	723.828605661	108.649157085	19.6990457626	8.50575452336
818	954.697912156	133.708097414	25.166776852	9.41177952611
821	899.11272894	36.4235655986	7.23106874357	7.25646661127
825	77.9400502786	130.797925264	6.758368023	6.76574069383
828	708.403781613	86.8106831706	7.79676092447	7.81754524463
829	205.69472227	20.7311677756	7.78474076349	7.79972429721
831	446.062206667	31.5130225251	20.9630143687	7.28209553364
832	374.893759369	158.187451732	24.0397899474	5.41528979508
833	934.805006405	85.3184826705	11.9457844821	11.5645304976
834	537.495287988	118.098803373	19.728426443	5.31791844623
838	879.742005505	1.45461519528	1.45235724209	1.45261236249
839	259.687654996	91.2533023879	23.3139139918	9.16345604279
849	412.616065847	40.0950918015	10.9468546611	10.9659668774
853	651.394299108	27.6056111876	3.88216533636	3.88398923937
855	379.114219211	43.5101306949	8.16392715306	8.18254720087
857	934.967177597	108.289969346	7.37351731905	7.40048146797
861	64.4090938063	191.870684245	8.13183462805	8.15147219254
862	497.801841901	172.28050447	22.2574055708	8.37246987206
874	848.242921709	12.1951626972	1.35191476542	1.35213581329
875	476.152470796	118.817603245	2.95232689861	2.95338149141
880	551.925350823	144.347590042	8.52548653453	8.53899756573
881	810.098194561	56.5571920627	18.1814978839	9.07533636067
888	936.55121829	43.8591234654	6.92411092795	6.92985732413
892	579.038656933	147.860832429	24.2110105986	7.11060754253
893	842.672547829	177.913400735	24.1411118216	9.01664181449
895	677.7301779	150.105192632	9.91800132323	9.95575468676
900	795.710494316	173.700772089	20.4366635514	8.70566734954
901	382.86218524	123.798754494	6.47110791481	6.54898234696
906	318.528044869	52.1347106151	6.29045195488	6.29910725003
908	90.502844998	66.1024214581	20.1947468739	6.84081129689
909	911.767651743	81.9705821824	4.72869106648	4.75907727088
910	908.939989515	37.0670574025	24.2317785729	6.44525149022
916	428.348028235	153.13581088	4.77483165403	4.7890434061
917	404.451541887	67.2095404791	2.31120680116	2.31185299995
918	519.489489439	193.612975753	25.5998197317	6.39129530472
920	799.273698378	64.268804471	25.2826233471	5.9946914309
924	49.3524722634	158.921960501	1.56128234894	1.56157717958
925	341.845367634	81.0510758393	10.2932318874	10.3091941855
926	559.949347503	125.570810457	2.83869143915	2.83966638467
931	680.331612681	71.5993036417	20.0165412321	13.0162017413
933	469.862754327	121.251416573	3.6618919587	3.71426735064
934	949.219848814	55.5487085894	1.07291814515	1.07305736206
935	478.83567904	127.541082324	17.3755053767	13.8800284308
936	978.426075176	26.4497035246	11.0638007609	11.1111586728
942	445.069694059	129.698573131	25.3797602007	4.54214158838
943	372.210031552	177.524009957	4.04276498096	4.06491163381
944	131.218848088	197.489381991	2.51459168323	2.61840477759
948	503.21308484	151.284239047	9.18474707418	9.19846764165
951	178.562619785	36.5187697901	1.86580586103	1.86622695073
960	497.708712118	134.717605703	8.25978765716	8.2907033265
963	261.43746115	195.242504194	4.75680315139	4.76606591904
964	209.334638298	5.99619326388	4.898788112	4.90169305709
965	794.701404927	153.778436294	4.8586630365	4.86321436027
968	366.398793873	7.61000176928	18.0000194752	7.61340349153
971	432.051505514	16.3055059636	6.37409606443	6.39798540723
972	591.204681116	95.4315661418	17.4642752098	5.63615659873
973	474.979096247	175.4587798	8.83803142256	8.85594433815
975	978.613217972	96.5618901369	25.8941122443	7.19082915277
977	78.1167472507	57.5620795738	25.39673904	6.51356821179
978	468.451004565	106.623262221	18.0799279336	5.11263979971
979	688.005386466	151.702327272	24.5964971117	8.04163789413
982	117.861826395	158.432086622	22.7593190528	10.6575579046
987	342.534957708	170.805123677	24.3077935041	6.11144217496
989	316.402084274	78.53007501	9.40343148594	9.4249184708
994	981.485255886	3.70170322142	3.69550229468	3.72643195084
999	198.709307612	145.162037042	16.6872126678	7.24229330769
1005	155.820921291	153.899894804	29.5032539471	5.68578272989
1007	884.594434513	30.8732406363	8.32611788819	8.33863749902
1010	534.377709304	35.2104108514	13.5330130842	13.545270011
1011	784.273427991	160.516475465	17.619401044	6.92756478125
1013	591.274918099	77.9979523792	3.72434016727	3.72601872302
1014	448.754746517	42.8395561401	9.22757204872	9.25381485015
1015	287.094179633	184.004663193	6.27350809816	6.31181335026
1023	626.623618882	24.581517679	1.89762516526	1.89806074324
1029	300.150712289	71.3674198642	8.37920309493	8.38578817276
1033	379.753941613	107.395429776	10.7276654041	10.7341582207
1035	121.178804018	113.571890247	6.60156638702	6.60684395459
1036	162.94303745	158.276202661	21.4321801654	5.93690061855
1043	835.971941889	117.91724454	7.10907580145	7.12308853511
1046	646.749257861	61.3517552709	13.4969379865	13.5189130009
1047	380.986057854	142.726886386	14.0367699928	13.9841076818
1050	512.012336466	137.103654934	23.5487735763	12.808757211
1051	325.037350685	169.490604734	6.55563357272	6.57388662099
1053	454.848076991	148.381795226	6.97418201574	6.99773125343
1055	783.374950316	7.10097640036	25.5890645509	7.10333004384
1060	696.799607905	192.7157541	19.4099930254	7.29047931643
1062	982.993260737	112.884905699	14.4770280718	13.2151134282
1064	967.099597589	180.266255309	3.91144961571	3.91330115207
1065	861.758847117	76.463849407	15.1835347281	15.2020777711
1069	815.249363721	47.7904038489	6.44066144048	6.47123221107
1072	530.077667628	174.978227144	9.5726220413	9.59144162044
1073	659.386951314	163.746295292	13.1487365498	13.1720096891
1074	125.572418492	142.558158549	20.3431813029	6.67170820833
1076	540.580211581	43.4344035323	1.66852332248	1.66886005537
1079	416.528033073	151.566849044	25.8799595365	7.66224517688
1089	192.377081922	188.730227043	11.2605418727	11.2705799733
1090	116.950334408	86.5484230492	25.1997902222	5.19086135271
1096	31.7322099927	6.11714442619	22.962938264	6.12003037685
1101	653.357309978	13.335845954	13.32992276	13.3405290405
1113	873.321848785	162.489901939	13.172753173	13.1952211589
1120	914.466910347	72.753671831	2.94821373581	2.94926495612
1124	296.044557549	170.61226749	10.3356593219	10.3479261663
1127	719.33341815	53.1609521014	1.38625234638	1.38648476767
1128	762.402411124	80.8797826068	13.2042305052	13.2379476794
1136	832.320541257	5.49074669441	19.0240026174	5.49355157008
1137	248.030859799	123.70033291	6.05372206952	6.06791699089
1138	109.89352843	178.850775126	13.2282917137	13.2537853514
1143	147.696273526	65.3941500981	1.96889153395	1.96936045111
1145	229.844969662	142.727840941	4.47687892855	4.52739329996
1148	751.987849131	65.816737815	21.7082530069	6.97252750712
1149	119.069068616	62.7482555185	8.26459365865	5.5092169442
1151	261.464431245	121.099996656	3.42410398349	3.42552271236
1153	734.604558899	4.62976656137	4.61254544965	4.64147394968
1156	571.727236941	190.281144172	7.12646769951	7.13871287001
1160	25.0026422883	192.594792278	7.33103992033	7.3375328848
1161	715.55913075	165.581726408	14.1465196931	14.1666181842
1165	602.224565926	197.825048112	1.94948119077	1.9499409057
1167	217.843862185	152.715853678	13.5557345451	13.5710724129
1170	632.470687527	45.5849497266	20.1412565219	8.77402042914
1171	514.278318621	92.101857834	7.33768392662	7.35290460336
1173	826.31316868	57.7409278032	8.59706231848	8.59735339391
1178	632.066233175	8.90021924702	8.88206489793	8.9148209615
1179	440.154642475	185.776162145	7.62182329365	7.62932611169
1180	735.778181595	114.706839332	8.77090422044	8.79121992424
1183	393.28430994	42.6229483191	21.0736211238	11.0158827198
1184	545.87245795	170.033202386	3.84122799554	3.84301361763
1186	90.9296654349	165.598489827	19.0776110238	3.92064523738
1191	92.1935967061	137.703199152	4.53873889377	4.54123230058
1194	238.627784403	3.26416645751	1.92914537607	1.92959554787
1196	384.280537515	26.8736215956	5.55477470903	5.58055566281
1197	81.5214174266	165.926071759	9.49667992911	9.51272829224
1201	565.374049537	152.322912862	7.16120721239	7.18246266521
1205	53.0998955582	95.5839361515	6.29830426216	6.31330065861
1206	322.510619107	118.187327074	18.9365477624	13.8111600838
1208	84.4417580463	15.7035742968	15.1493378327	15.1714446084
1209	624.437341239	52.7781149938	5.89696733631	5.90117773376
1210	607.31425536	94.4687076971	22.653281841	11.3164532698
1212	250.853643193	56.9988240789	4.8358814035	4.84136021735
1216	282.370439659	31.6827295418	13.1808609445	8.56363737722
1218	962.596645654	54.7077968451	2.9868310223	2.98791041842
1222	68.8696302456	175.653792325	22.6019292666	9.92961178214
1223	619.365660799	186.635569981	18.8054303752	13.3941370037
1228	891.850874074	126.362743372	8.49499167477	8.52169344814
1230	528.150583893	137.324064788	8.95159238336	8.97878318798
1231	758.855089981	157.899329854	4.19404819355	4.19617708403
1232	452.266085869	173.53646013	9.71625619513	9.73889654648
1234	331.360644417	86.8952480503	19.9100132113	5.07784503082
1238	60.9160290282	8.70265326032	21.9850397456	8.70438581614
1240	997.671956214	171.624963182	6.72383857569	6.72827577351
1242	736.448598103	88.03990209	13.6945228712	13.7096449373
1243	912.701973997	106.932915405	20.4050171891	8.28104478183
1244	154.505403367	168.677727411	24.5224755985	7.62196604153
1245	753.225001977	28.7218477315	25.8059361096	11.5750286359
1246	690.975113897	5.97761781065	5.97499814108	5.99210837555
1249	259.592585911	133.264636701	9.26203314632	9.28522616375
1258	573.964879288	46.0013115408	5.90231985122	5.96408462318
1259	757.975839038	139.019837631	15.3613310085	15.38114116
1260	112.030260136	46.004368978	23.9346575145	6.78397276498
1263	16.0530965839	94.9888965261	27.1089800643	5.91233464586
1266	484.959305319	99.590260642	22.3772550423	13.3419250563
1268	271.56588321	136.428215015	3.70228744296	3.70394617043
1272	314.611090092	149.39753124	6.48785597609	6.51890076947
1274	316.741812261	90.9984362071	4.09444172094	4.13222475526
1276	40.5171257212	7.47477636003	7.46896907886	7.48032968201
1281	726.966217297	3.26612613244	3.27959987612	3.31941343798
1282	483.452847101	101.092021778	4.13283481142	4.13490198117
1290	293.697466764	29.4936798827	5.35946089303	5.3629382662
1291	878.804036593	61.7397873185	7.74644103194	7.75950156505
1292	536.265930925	188.847281935	23.7051772831	11.1573970881
1295	784.190883786	46.792661681	4.70023820453	4.70291231575
1299	150.99469298	63.7757561196	22.9767013298	10.1170103338
1300	274.637332635	31.4663948429	26.699133771	7.0163729981
1305	507.67028262	187.581767565	12.3513428201	12.3671655024
1306	781.459447534	194.622357023	5.36598142903	5.39120995415
1310	331.477078914	167.430321124	18.2512539154	6.94198110599
1312	457.373385342	125.895279445	23.4189929605	8.48561383317
1313	32.8747567692	91.2033644532	17.214692113	13.9697125656
1314	489.021512787	189.644795723	25.1584784588	10.357500593
1315	598.94175481	3.89276100511	3.89091985405	3.89275199624
1316	902.391255219	174.091099099	18.7024265314	12.7297333869
1317	434.131786521	144.537458689	5.61918162162	5.63442737956
1320	472.734905585	160.1044274	19.6256773222	7.8186147934
1322	890.692808747	19.552188653	3.88085804565	3.88268062446
1326	463.92621151	4.92074181098	4.92221370873	4.94662722862
1327	277.991473622	70.1277695586	3.85791397474	3.85971515099
1336	955.618886094	193.681296191	18.7693824857	5.56109036626
1339	902.435181464	191.944734528	8.05516480432	8.07162983783
1340	264.176807819	159.103659971	23.1369001251	8.23403161695
1342	481.226618589	191.671141804	8.31275252125	8.32953396394
1344	643.538639646	182.794195269	2.13817278087	2.13872582009
1345	456.396899082	197.275796991	1.94337332379	1.94383016191
1349	99.7865975563	27.3285416858	6.09164135061	6.11529698863
1351	513.563715063	157.884190237	3.27865682963	3.27995754463
1359	37.7610225714	194.349911657	5.64294255327	5.65184561181
1360	477.135061413	163.402089649	4.23635093413	4.24587461983
1363	155.649557791	49.2164265486	3.84275115545	3.84453819458
1366	906.069246654	73.0522081773	5.91484138553	5.92878073566
1369	943.559801358	42.2712626817	24.008004159	9.16213041513
1370	968.346944329	191.65993011	23.9669346568	8.34347107202
1371	46.9874055966	49.1899445436	17.2214298323	6.90215321206
1373	778.023079973	37.6395717741	18.5744348149	10.1289150433
1374	566.610498464	75.6594413249	4.87531321301	4.90508502523
1376	933.349608371	24.5688152218	20.3384066655	11.6173584605
1377	402.834719542	142.774600539	21.5638722592	7.69808738563
1378	906.817517263	156.694134601	5.07203943049	5.08742650808
1383	865.322045251	115.214091804	5.64227575386	5.66204124445
1385	142.228644544	6.27354661288	6.25792259398	6.27668804086
1387	476.406172499	58.7739252617	2.95607047602	2.95712774594
1390	874.362727136	3.09519395639	2.98682781513	2.98790727853
1391	699.738851661	74.9391083737	25.4996811745	7.42886933102
1392	497.885809069	27.6389317963	8.14012182246	8.18130753751
1395	963.017049591	93.2283871383	20.4071161021	4.5085735632
1406	678.962092381	194.281657748	20.8017135399	5.72968687851
1407	835.763310781	134.457888022	8.42425968535	8.44225037775
1410	187.728565275	106.584174521	21.4209459636	8.528205457
1416	532.571573801	119.994348597	7.19720888188	7.20564789489
1420	6.3992392542	38.712390519	6.3959659281	6.41026292379
1421	988.678947748	71.955787583	12.5445298437	12.2823967203
1424	221.3401332	111.920169517	4.36860921253	4.37091910223
1428	357.733300608	38.4235432047	7.1714547531	7.18151506707
1432	830.57108449	124.257384987	23.4316264597	10.4410586552
1433	893.808937881	157.843900174	8.35892618815	8.39373311157
1436	463.184316475	160.297098938	7.56624896179	7.57516858314
1441	679.051182449	164.617543319	21.0970408408	8.06410496402
1442	252.965587403	172.139652997	2.32012156224	2.32077275706
1444	19.8704507233	36.005378741	19.7858531428	9.41324387083
1450	632.479830271	43.6385040244	4.37530434599	4.37762132493
1453	964.594652615	41.2577549537	9.26131730006	9.28133327969
1454	268.456442546	186.066369129	23.101000564	6.87770699724
1461	432.336431313	32.4556051808	10.1806572466	10.2000567884
1468	977.012712327	132.568474466	8.24573515008	8.25436916931
1469	264.295071382	64.5470034517	12.2449187344	12.2640375622
1471	124.938268286	74.6665208866	22.6144771009	9.35826300066
1472	318.790510267	129.79707424	4.60408088164	4.60664663853
1485	30.9788014854	106.938348518	25.2784322463	3.81339640671
1488	920.547918703	106.432818793	7.13213487208	7.16137283319
1492	127.367908527	52.0216692609	5.8005042633	5.81560465851
1497	972.980342185	82.2711742411	5.54923624875	5.55773883362
1505	508.572569692	48.0952599713	1.0209454623	1.02107151671
1507	892.038343582	197.360501965	2.63733884726	2.63818034831
1511	553.330623827	193.024676723	19.2231843325	6.97841155928
1513	439.880420778	176.317671519	21.7269074914	7.74295973411
1514	577.653060241	114.703715301	20.7304528524	8.1891040755
1516	422.240123557	111.239512996	9.93820612904	9.95563321381
1519	44.3182639217	105.7512875	7.12661185371	7.15068119277
1521	160.748044654	47.4322963286	1.48982607432	1.49009453046
1524	450.07330247	13.1142254147	13.0996589184	13.1283747221
1525	506.16075019	88.2815650018	22.9411947641	10.4591471608
1526	49.6910472644	193.718056313	6.26890102236	6.27365971463
1528	432.335957114	190.411683653	20.7522548642	8.27539538846
1532	566.267084913	22.7720651962	3.16651947702	3.16773270596
1536	396.53366842	77.5945271631	10.5391996217	10.5495173244
1537	209.83666628	191.312051175	17.4418963987	7.43111846679
1541	917.767086851	92.1675683832	7.3832707527	7.40776797453
1543	354.312812645	105.45817416	26.8710365924	6.8259128635
1544	784.97263602	34.174267695	2.05332692022	2.05383692896
1547	637.877580314	154.624031203	21.9343505397	11.1903737793
1548	936.361256053	162.356892772	19.3564179636	4.83810356069
1553	435.767212636	5.00102473608	4.99183577357	4.99485218783
1556	307.748991212	61.3746598376	21.1919482032	9.56195540368
1558	422.429956118	32.6485628223	26.2415201978	8.67819002181
1569	854.615332093	6.28321055116	6.29034177983	6.30497802588
1570	274.170931158	22.0167548015	5.99376596829	6.0228815133
1576	777.609115594	190.325541013	19.2812515884	9.68970666027
1577	766.583126737	11.3098279757	19.2946209152	11.3270694987
1582	274.620052619	40.4718639286	2.02348785146	2.02398314138
1589	900.014502369	124.981605577	25.6470541455	10.5400651025
1591	581.487501497	159.142688993	10.6695278678	10.6891684429
1593	697.003240774	174.670193705	21.8287432194	7.88020375289
1596	204.921198494	70.461769169	7.70757989651	7.71841584556
1597	451.601477166	105.44002303	4.34958777079	4.37706611274
1602	356.486718928	132.447751802	22.6935887847	12.210591492
1603	202.860322552	197.661779228	1.54038902204	1.54067601308
1604	92.6431805837	83.4622256099	2.94699308855	2.94804387289
1606	993.509327534	46.9766003788	8.71081528176	8.71896830728
1607	671.315893149	180.778617535	23.328988845	9.99915864984
1609	483.241750515	6.61262382949	6.60750362362	6.61287485751
1613	445.127486854	30.9795476962	4.01665696642	4.01860949463
1617	58.4675758238	191.597411055	23.5674479737	8.40288069158
1618	242.146374555	187.369830695	6.53443253564	6.55262034679
1624	938.917706469	157.647015451	29.4185303352	6.56967730801
1625	941.895006651	20.2686461634	5.75392956527	5.77991063834
1628	765.080599419	28.2227355814	8.68693952285	8.70220525897
1629	826.842327249	141.241807451	15.1670249047	4.64990982042
1630	143.635172081	155.047730619	22.8705760022	8.23730639029
1631	231.033366374	33.8654282533	22.5887313016	9.73788044181
1632	381.01173582	29.7068812819	27.227424595	7.83818683888
1635	535.387951808	161.100357724	26.8608545136	6.16495218299
1636	5.4665008822	50.4544140427	5.46645657668	5.49154116774
1637	113.0551068	107.518234391	23.277796391	7.93252256006
1638	188.186077868	74.3725479775	9.04429391754	9.04722512677
1640	356.132681785	5.06980084419	5.07430436418	5.10868228907
1649	8.22027772704	78.3195684388	8.23277268716	8.24224420341
1650	334.870465978	103.850502315	8.03462805619	8.06237061256
1656	798.889938905	123.354468235	16.1295108041	13.9479636669
1658	464.655676731	176.693416955	22.8154532175	8.57115446705
1662	374.400614988	5.38651506393	5.36814875687	5.40281086824
1664	190.180963727	32.1935396929	10.8889465818	10.9041918333
1669	692.373925605	163.054643106	9.59946504869	9.61536925985
1672	904.159198499	115.625070571	7.85489491203	7.8717282053
1674	568.369370976	105.374205698	1.52297697983	1.52325751827
1678	652.680849739	121.025229444	25.7314386292	6.58167279436
1681	349.636852615	90.7412970422	3.73505108405	3.77511251044
1682	68.93587792	170.085846242	2.85707999047	2.85806761234
1686	691.159753048	36.0946172821	25.0458657129	12.6020523837
1687	900.75523878	141.668083858	27.0130908834	6.22566490988
1690	536.137824116	155.379553958	10.8391274408	10.8677267466
1699	743.134555095	197.099622471	2.78429029254	2.78522821574
1702	360.902979891	165.059559905	22.4796511083	10.2528573925
1706	979.727201317	156.637176171	5.72112459394	5.72907039096
1707	949.832587224	87.1969281537	26.6222518864	9.52899330714
1709	543.306138704	135.569364048	18.6803248986	7.41483546839
1711	890.212277797	101.532380857	3.33297456513	3.33431875288
1714	345.981298941	70.6034832789	21.7198778339	5.71904174217
1715	69.7085652926	91.9661722539	9.91792843212	9.93083776634
1716	784.120528674	143.333572459	11.3518637816	11.3676827021
1717	286.119682267	59.2071264881	10.2968798504	10.3052342714
1720	8.0065220696	84.2802089807	23.3374288677	8.00867405087
1721	22.6666991083	169.094510347	23.5370500389	6.99360575322
1724	190.774744075	127.311946026	12.6845972719	12.7018060239
1734	135.319164173	58.842980788	25.2515451524	6.47331175446
1736	68.3424741806	18.3405863556	3.68203345422	3.68367407459
1740	601.337128623	32.2879497173	2.22300422388	2.22360202927
1741	599.251879639	198.758251192	1.24134293476	1.24152929774
1742	136.336007647	174.751232068	15.3993933772	13.6003056532
1752	165.471702852	33.024258613	28.2771211929	7.75259053847
1754	20.2228463771	184.861979317	20.8683236633	8.727949021
1755	463.080648516	190.018719095	9.98311367098	9.99745144808
1757	746.101280353	185.470883127	1.58298934913	1.58328964218
1759	317.433208738	168.429049104	1.1664533498	1.16661790173
1760	954.75641455	10.9380693076	10.9240407616	10.9426151158
1763	412.789191168	89.8564498092	19.7890337734	7.61308697211
1764	368.476851967	169.232309216	4.42400385074	4.46381383829
1766	63.0665351108	51.4613458538	22.1099615674	10.0567139255
1772	3.70177827129	106.592135148	3.69312376013	3.74972375104
1775	351.003906916	63.7236053316	9.31612363263	9.33109242125
1776	531.28943426	54.4774370162	19.8811294515	6.97594242739
1778	491.756578085	123.800453991	4.63672019895	4.67579360645
1779	272.999690186	53.4000770257	2.79103145918	2.7919739311
1780	275.481345184	123.529667908	9.36145904147	9.37770938153
1783	340.852286793	112.017839553	24.5574140707	6.34283095701
1784	967.66789233	34.4634667485	25.5289569519	8.62108024484
1785	344.8555685	168.883172878	9.24651056082	9.25221917299
1786	244.859167874	21.7641265131	23.6102009765	8.66756751904
1787	540.489632827	61.8909032147	9.04261324933	9.06306481526
1788	875.939332278	19.6628135916	21.1622407873	9.2858517057
1797	742.459731955	28.4882401737	8.66683195647	8.68960315139
1805	954.007870597	175.004123947	5.14099732005	5.14419674933
1809	208.677489345	180.316439233	7.45232673506	7.47228837568
1813	566.6072772	112.446835438	8.46018123073	8.48139765388
1816	714.330793276	189.155266665	22.4040517776	10.848254733
1818	549.899627227	121.12583838	10.4536749465	10.468122817
1819	337.019408207	92.5366370145	2.8925696933	2.89358201208
1822	481.626477907	66.2976383546	6.13060339365	6.13515428725
1824	721.569000673	76.3349928889	21.5846594377	6.80556706482
1825	585.208328611	192.237641411	6.49592143292	6.50402944164
1826	425.637925752	55.5936494583	9.36562055454	9.38802738022
1828	309.523657281	109.729105878	5.24274531592	5.2460727873
1829	951.050465488	74.1124114172	4.05709063655	4.05908269236
1830	190.710338599	10.5307979997	10.5113787289	10.5350941957
1832	960.5872147	83.0815307289	13.0612069426	8.26561291393
1835	516.73800402	162.439134722	22.7513406025	12.9807864844
1836	883.577858808	150.725593673	4.51276286846	4.51522780099
1843	70.9578021797	45.9644704933	7.46123549344	7.47805390167
1845	36.7690782137	70.7484016873	8.56070722311	8.58395994041
1848	249.619178712	27.7250794022	8.3676342825	8.38511367429
1851	329.023909416	154.618015259	9.02285142989	9.03932760299
1855	884.588590152	190.006223388	9.97608293381	9.99807580814
1856	753.775586941	28.9221681565	3.68184397893	3.70481641155
1857	667.445193906	60.3748936659	7.91982718948	7.95696830166
1859	401.988670405	57.9503519798	9.853882589	9.88121182337
1860	985.955049495	164.266938889	20.8600179339	9.37024472429
1868	586.02113673	4.98417064175	20.7097595604	4.98530624227
1869	382.193848262	89.0378251661	7.97927682889	8.01946813452
1870	587.329774069	26.3439238109	10.1411332137	10.1588285237
1873	736.059861284	193.412643818	27.0501793709	6.58870640116
1874	467.918272769	33.2452233865	19.6719502957	14.5951490923
1875	556.900359881	48.3101884016	12.5423471584	12.5470278953
1879	108.553969025	102.059195808	8.46890720281	8.4871661643
1880	638.698674629	2.67160258939	2.30859314484	2.30923788252
1885	838.441647213	57.2797692227	3.72929745189	3.73100773557
1886	948.222929922	33.1949306353	8.98548499246	9.01209993276
1887	807.611285523	16.625958298	10.3362051426	10.364019764
1891	932.477292512	115.3638403	1.86000394783	1.86042242217
1893	37.2143831641	54.3789539607	7.55742150269	7.56433961713
1898	621.388043411	83.5237294003	24.0147207378	6.56706668638
1899	877.476805876	177.937526577	4.30196168734	4.30420159912
1903	39.4282306332	189.072377776	21.2818278429	10.9430096761
1904	662.134603977	147.168106395	2.21294783792	2.21354024542
1905	17.6745152662	110.378594846	22.8497557062	10.1421055825
1908	722.304659894	144.587715647	16.116142164	4.57121910942
1909	5.98413612927	151.759049921	3.10681941034	3.10798730635
1911	362.33919016	91.5537023777	14.916009716	13.1937275962
1912	454.858831297	59.0816125365	7.32454974546	7.33482137029
1913	98.8778974256	193.203435323	21.869162954	6.79885952024
1915	318.263031628	26.9702999087	24.2162639235	11.5940432208
1916	683.924247735	185.930857813	9.31262567438	9.32519652864
1917	826.90602356	125.298661225	4.79598824077	4.80450871296
1918	286.290139472	43.5818206892	5.9177370572	5.95106964232
1920	272.554085994	141.351059924	23.1947911961	11.4022484839
1924	257.871694767	112.945633172	18.5267536654	13.1261215576
1926	935.276789114	8.21362675096	8.23052448518	8.2348652749
1930	890.262305405	92.5416080635	6.01758806359	6.03155464307
1936	641.023336424	41.5597597097	4.32982366984	4.3320927048
1938	325.234638902	196.204712462	3.79466346998	3.81395983173
1942	330.021177557	71.8196942589	1.67314999898	1.67348860231
1943	984.542705816	170.648443391	6.44147526753	6.46699518815
1944	323.959157986	79.557075999	22.3892122267	5.63850564715
1952	770.904916002	153.101725649	5.92810380326	5.95634319631
1954	804.412046989	102.065906831	9.12125170046	9.14161570853
1955	281.967553469	85.417629377	15.2294470669	15.2533343028
1956	580.793503472	104.109525283	7.98784306346	8.0052943709
1957	787.383736865	5.26707972775	3.4233178937	3.42473597096
1958	597.544975698	104.451990938	8.53224337474	8.55682402402
1959	936.366714499	120.448128295	4.00342851436	4.0053580961
1966	871.216377883	97.0580809221	23.0707675557	8.79679978795
1969	955.327286465	184.891356794	4.82529535513	4.8363717727
1972	26.2407967661	77.7875065258	4.63726729333	4.63987019262
1976	471.229774037	12.0860439482	12.6709951948	7.91365806077
1977	777.156925598	5.66308461107	5.53121187645	5.53491584891
1982	452.12395661	109.811121758	23.93048052	8.44705627358
1983	895.094887788	192.364737017	23.9478178045	7.64605239041
1989	617.61949343	98.2942944141	1.4859444474	1.48621150623
1997	704.925619735	192.688744032	7.28925432347	7.31828727165
1999	697.125748244	57.1783802722	23.387760427	9.38190926927
2001	676.200360432	10.3760169635	9.96832128953	9.97117894388
2002	418.783047258	1.92520707542	1.87331070874	1.87373519353
2004	971.839828189	7.03075317732	7.01665786692	7.02093177735
2008	314.83397186	185.85244439	14.1503935074	14.1643247974
2009	344.397359404	152.003980398	21.3059536928	10.8297054297
2010	450.524456975	185.726623578	3.5064507721	3.50793858962
2011	726.951102817	150.060795705	6.52817279295	6.54504959049
2012	591.948798223	53.6477293569	3.98689857091	3.98882226085
2021	977.170921917	1.27846157892	1.27582087763	1.27601773838
2023	93.1123079386	107.570941971	7.90707216967	7.92206701829
2024	968.647465908	167.22734852	10.2435203596	10.2579236398
2027	936.309531624	98.0455316627	3.37207627303	3.37345219841
2030	151.092703427	145.842926123	6.03263671138	6.04980254465
2031	49.6893935429	15.6860053125	5.06230331254	5.06703635134
2034	466.141383118	97.6131768541	8.34259349623	8.35467968523
2037	955.649834217	149.732499629	11.5941483254	11.6137788719
2038	115.588950648	127.737245384	8.34105994553	8.37323457212
2043	716.552698857	25.0384089901	26.676035521	6.21500885728
2047	52.8657023465	62.4731467924	9.52002411447	9.54415688993
2053	186.449329453	146.914075256	7.91601223733	7.93845984506
2055	259.305630788	13.2228305832	3.60471464008	3.60628705186
2057	850.021853749	46.1724536527	15.6131662387	15.621126364
2059	34.6931866632	144.634343026	1.41972895933	1.41997274362
2061	793.813415537	83.2866657538	2.88209402466	2.88309902179
2064	364.858549868	52.4004054813	8.57370474849	8.58521325994
2071	949.99199224	49.796887564	7.73642601285	7.74936440187
2073	707.916462785	25.7608606864	11.3662304952	11.3819949564
2078	786.193586856	18.7855324233	11.1939754643	11.2196055056
2081	81.3894886808	82.0037437307	19.5636230589	8.20078798526
2083	950.936831882	140.89020238	1.3432316597	1.34344987673
2085	494.025954412	79.6392908992	9.55180148	9.57695962182
2087	441.21971508	56.9039182079	6.52873646078	6.54737942144
2090	342.145891828	156.806058733	3.11057775743	3.11174848185
2097	636.803281142	139.466133751	8.1180609057	8.12560761214
2103	42.7284720425	161.864822134	25.545583634	10.1134400402
2109	950.816651509	169.524684335	22.5948790887	11.5625892184
2111	747.111789574	10.2281959009	10.2174535265	10.2303316707
2112	172.039102776	27.1928228391	8.09823379997	8.11791974123
2116	400.763488021	140.001028338	7.12324067278	7.1625534134
2120	611.786824409	192.761425611	1.29525804495	1.2954609507
2122	263.208195272	96.1045592887	7.62036696183	7.64718574048
2128	893.832254268	52.2366349717	22.0629138671	15.0770256655
2133	318.675548244	11.8566817437	7.98345791591	7.99193591902
2139	3.88763756291	196.11232827	19.5456949317	3.88837726942
2141	424.021349779	92.8730646555	8.55212430622	8.56144386546
2143	468.168247236	138.0888221	4.24882877065	4.26118110322
2144	939.117669802	143.490713716	22.5399052907	9.17714522144
2146	297.848791489	83.0172486318	4.19817381708	4.26581828159
2151	907.442266844	64.5321405831	1.87678846914	1.87721453185
2152	23.5836031956	9.76810879243	9.78528225727	9.80329926405
2153	8.96517870547	167.510814979	15.4948483448	8.97646383611
2156	552.743178391	161.864715868	7.29663224215	7.30308073031
2166	109.052972888	60.1542596541	21.9571818609	7.81095113035
2168	716.741883189	148.599876565	22.4759229903	4.78613205876
2171	906.521409665	71.54526976	21.0613881794	8.06615020475
2172	641.004328796	176.365719323	21.8010143355	10.7798183674
2173	545.316407947	170.84486547	20.0175811902	9.34076351947
2174	926.191162646	51.6288363232	5.30265012007	5.33260832165
2182	170.682256511	48.4171551715	13.9185509523	13.9361000638
2183	603.516526988	178.368031602	7.67020872637	7.69441256676
2191	985.715559912	20.209853443	27.0707761306	6.31099845226
2192	454.302091562	160.203823832	25.0130010218	10.6695394819
2193	381.447737869	61.8347233887	16.3897078824	12.0393381098
2195	462.505270454	143.202217258	19.8878789211	8.90195595856
2196	461.648153943	129.815795204	6.5310657368	6.53789745411
2197	965.495804941	105.228851494	24.9425917431	8.56975135758
2198	74.230642326	197.348212522	2.57996130391	2.58076657695
2200	848.276476971	119.406967048	21.7184619875	8.00363469868
2202	254.908090686	45.828145256	7.28112776261	7.2956175084
2207	414.645831288	58.0824007026	24.3497885015	9.37208197884
2211	849.666078708	165.816613254	10.4984929815	10.5209846679
2214	153.503913101	19.9937406384	9.68757661964	9.70521114401
2217	328.958373733	120.493006234	3.22112710365	3.22238255503
2218	338.642071739	121.441178007	4.40769746321	4.41004889569
2219	912.190988108	60.097810655	23.5118784808	4.94899670642
2220	868.028390042	28.6728383359	8.27130763512	8.27871650087
2223	100.156159722	98.1952167792	22.0263681149	7.92877351799
2225	117.537367227	160.81844535	5.96985999821	5.97417520502
2227	730.35764659	17.4299889816	20.503358608	10.7159039469
2231	440.049788711	76.4866747605	24.4748199759	5.16497862091
2234	8.38364654452	177.891744136	26.3737438465	6.07392278154
2236	449.254579654	194.684889682	5.32513965097	5.3355824492
2237	703.45046355	146.473198065	20.0811437475	8.88753665365
2241	234.523714968	29.6130733176	6.89032166028	6.90755155312
2243	129.682926364	96.1253625523	14.1676000457	14.190279851
2245	748.33562158	160.886394527	23.3705971826	9.82390669602
2250	720.218713106	123.193315126	2.3662956941	2.36697307405
2252	242.329709698	143.617368819	14.4728828622	11.5405317475
2255	3.25761594887	87.4281428784	3.25621680369	3.25749976775
2258	862.249820986	99.1472677465	8.46313138851	8.48329959074
2264	608.458314515	32.7068674658	4.96457473895	4.99265381553
2265	280.629646121	173.403817202	23.2961054078	9.99011233378
2266	59.0276715819	108.326662588	7.80579384719	7.82143559809
2273	367.782998813	157.895623995	7.24445287979	7.26945428778
2276	592.821033844	170.229066537	5.88268604959	5.89903707733
2277	436.69678476	22.4539981666	20.3789297124	4.73906376301
2278	236.898127224	110.673592995	26.0497650908	9.27551413022
2279	239.873008584	168.642233344	13.6185829575	13.6332793509
2282	505.1557535	168.715139004	7.31141412082	7.3336157982
2290	815.337259889	94.5212889131	3.34291467784	3.34426689849
2291	916.175872674	89.6917785229	24.2526358444	9.72754670083
2292	118.196509644	83.1797830853	3.70162742087	3.70328555672
2293	734.736464143	174.401665006	22.6911704493	8.6063181117
2297	268.52952148	145.866203759	6.41908210836	6.43812608377
2299	489.378513304	164.91815797	8.9825065754	8.9961039632
2301	930.8193338	103.470081651	23.9620043309	10.3892019986
2305	841.254825413	2.85285878191	2.39493507484	2.39562895555
2309	412.717718563	14.7126045572	14.7246610784	14.7475126087
2312	542.133993851	134.450198736	5.67311442063	5.70165781331
2313	684.572047728	51.466823467	9.8985224289	9.91166279904
2316	661.324584902	52.0735226666	2.83182930975	2.83279954576
2317	927.738418747	73.397778146	4.24707727365	4.24925063584
2318	834.384708537	185.686485276	9.50437874702	9.52051124337
2323	729.083527482	45.4756564228	7.97084656873	8.00216610413
2328	861.593610472	186.481207378	13.5279093563	13.5461689701
2335	103.393726098	118.406875226	7.04650810429	7.05604402608
2337	665.325480168	7.08874052482	28.6509188321	7.091615495
2338	579.996375986	64.3312007992	15.7216067363	15.7323202121
2340	807.106823145	79.3860593747	14.2643908987	14.2875670408
2341	231.489556542	102.301641314	9.78438594675	9.81003659869
2344	642.912755304	80.7765260704	15.1536560893	6.35530382953
2347	294.346547664	94.7787369337	3.05498876596	3.05611800516
2349	544.423582293	180.46765825	6.15041037478	6.1616604573
2351	512.967340086	120.035776151	22.8187266328	4.30255218481
2352	379.966180656	81.3985231807	22.4413766657	8.4987141227
2353	943.536142899	118.99511043	21.8665650982	9.18034522668
2356	491.004149683	157.003370108	24.4961384344	8.50262430972
2357	394.142410868	154.088073904	21.6983663935	5.01466181036
2363	569.963386203	13.3788733794	18.9055850058	13.2246627423
2366	71.2642616281	141.831997355	17.6912426161	4.5372315782
2368	864.047439978	149.176114791	4.19402865933	4.19615752997
2373	122.554249341	74.0983818599	6.49183673626	6.50430223861
2379	248.225493385	97.2196953567	7.37197081497	7.37947467358
2382	862.656042837	127.359104321	6.82926104708	6.83894697935
2383	618.434088368	156.773065838	2.87467699787	2.87567682717
2384	666.499573753	22.825730503	4.63441241211	4.6370121057
2385	481.362465406	172.736075466	24.4335214754	8.22327586038
2386	751.962260626	91.7636268007	23.3549722294	4.94333970754
2387	33.4940943239	171.867721827	10.3016490126	10.3349357434
2389	578.870021747	39.7147927637	22.2309200781	9.76469495115
2391	612.572776449	149.392769735	4.11876446468	4.12081757593
2394	988.008003762	176.007824644	14.7625580973	4.03867630691
2403	206.596837866	114.708801866	7.37188316185	7.3823381301
2404	876.466765791	11.2692635405	1.99338603966	1.99386669962
2407	304.74761464	93.3253203767	9.87729668711	9.43288809901
2408	527.927188304	59.8241558135	4.46605485792	4.4868089868
2409	767.043595034	170.577294113	13.4540797488	13.4785932747
2410	556.248855893	105.182397324	22.972426961	10.7825608905
2414	828.412096428	15.3264475521	18.433589353	4.78724684045
2419	978.357459041	64.354363057	28.2332899025	7.97844518853
2420	504.027595788	105.175698712	27.9309018151	7.28924723977
2421	548.340282735	86.4641068915	20.8656387302	6.71652908934
2423	613.803601286	105.158889771	7.65480580725	7.66190353052
2424	115.108390728	44.6968413673	8.75295787213	8.76773741813
2434	305.602244489	22.4441004644	8.82660225611	8.85789834246
2436	883.449005965	177.644594147	21.1321877425	6.69739814721
2438	878.208074415	98.5236993562	7.52522892654	7.53204116588
2439	333.464214388	179.846543409	6.76545865447	6.78854287407
2440	647.650951689	96.5195921279	7.97124602426	7.9952529167
2451	370.1176858	28.0006637686	9.33393864602	9.14996218771
2452	832.533262091	46.3584490729	4.88666386215	4.92242759267
2453	106.838128342	59.5943267498	7.15694415784	7.17406082912
2455	22.0009853271	130.261949095	24.9977613452	6.2350864037
2457	196.512236837	166.107852972	11.6913410784	11.7117259018
2466	471.095741101	58.095841468	19.2184279886	6.99970406147
2468	180.168075558	85.8230102589	16.5113025902	6.80539338852
2469	170.194586263	194.795695028	5.19787519796	5.20114592107
2470	570.711719909	169.425863478	5.19248329785	5.22209754696
2474	265.681952474	33.9163957187	8.83084085861	8.84719371673
2480	178.83989284	65.2588752737	21.6262939519	6.30447375202
2484	353.855960901	155.772233462	6.84471070689	6.86966509335
2490	476.351989215	76.8989928474	2.15426402601	2.15482542274
2491	730.556829196	175.272721648	4.67773808212	4.68040582292
2496	124.086224134	192.611213554	7.38969666807	7.39526832768
2499	740.33066718	149.498798668	6.83819812981	6.85256690356
2501	991.722271372	182.216804561	5.44370655327	5.49680889553
2508	677.479661756	169.372606243	6.80587044237	6.81378612797
2510	956.385365272	134.547987738	3.82397526496	3.8436356211
2512	522.429715272	74.1868941665	13.1706965531	13.189592447
2515	726.305659489	103.406165578	6.18045681231	6.20476652302
2519	217.73300571	175.416832395	22.6438620137	10.8925190364
2520	42.6092314773	40.5430179787	7.1010025528	7.11837646164
2523	595.448113366	160.201643077	4.48907466712	4.49151377594
2524	711.542732428	103.093416424	8.8167842519	8.82931328621
2532	300.807362375	128.001140061	20.6947030554	8.71999815739
2535	986.602176777	136.7267949	13.6622467213	3.52960418085
2536	518.746811343	124.213547592	7.24463285055	7.2546173592
2540	918.7148868	77.4261722793	12.1126715011	6.36223082048
2542	53.1929228068	177.526642759	10.1640642949	10.1904442828
2544	180.280680421	129.912674541	2.28959537112	2.29022953825
2546	156.785187945	146.5794729	18.4355721481	7.6210339981
2552	791.188356957	60.0471340573	10.9647174155	10.9853338695
2553	964.847859841	137.261583619	5.16399916558	5.17974900316
2554	859.378985748	170.15181323	21.420799373	4.72667696928
2557	992.423457857	129.802466634	7.42586847287	7.46217853824
2558	276.182042903	30.5935510883	2.90346713972	2.90448710317
2561	565.461058004	4.34672664617	4.34020161668	4.34248154748
2562	189.125082435	176.992141683	22.7473623781	5.47409838118
2566	489.927570297	144.618019406	16.0596245247	6.53077943698
2568	745.974184589	192.156197533	1.56345950258	1.56375515621
2570	905.069406934	154.307583739	23.052186	7.71252987382
2573	653.179098967	50.2236287936	3.0449220002	3.04604380681
2577	800.336862896	154.09377795	23.3038217688	11.3047131819
2578	313.071181819	161.385654641	18.9040059044	10.8336147579
2580	392.69362941	95.4619016524	19.864204895	9.09989703329
2583	377.797541786	73.3886218484	4.70261711409	4.70529393441
2586	224.607812602	13.2417889	13.2527421065	13.2673373709
2587	952.223424076	197.08534835	11.7889606943	2.92602748098
2589	411.507736276	163.626406486	22.9912427527	5.72194179997
2590	622.675840686	69.5046051663	11.9561532366	11.9735495238
2591	130.752612621	134.900018509	8.41067852772	8.42697709404
2592	166.118093065	161.833175374	3.19272119018	3.193954588
2593	651.863359082	94.933590027	23.6586953079	8.3340952238
2595	551.919079441	33.0902053115	21.9418053274	6.02380667807
2600	76.8118769675	64.3832276527	10.1865871445	10.2118118638
2601	348.285876175	129.045609394	6.36213474085	6.3978260759
2605	448.316094469	192.158353805	19.7405370639	7.84515197449
2606	89.0474829445	178.824833937	24.8583838172	10.6370756026
2607	30.6285383416	138.454470713	1.44464954687	1.44490196612
2608	79.4533911656	184.108171119	8.79730418801	8.81219055754
2609	448.795541635	163.774288204	1.83141906055	1.83182476854
2612	787.870246511	161.725699384	5.63825174645	5.65083191591
2613	485.117512656	50.1945265478	11.037578217	11.0571389134
2614	925.401550592	46.1402143209	19.5148299741	9.94645883551
2616	334.309559406	136.521975835	9.81929311222	9.83910345628
2619	475.851199252	109.54664901	7.06047541561	7.09556367889
2620	499.916194085	13.4180414265	24.251869694	13.4262867174
2622	199.437601418	1.7404868512	1.73783096382	1.73819625848
2623	94.1753495409	192.055890936	7.93913892933	7.95421832805
2628	438.844904909	63.1751501842	16.366465478	5.36209159774
2629	307.333178926	103.845487821	22.7858766809	7.4266512584
2632	890.13014431	59.7267417301	4.24665377126	4.24883642945
2635	778.556778218	184.085559342	5.27558839744	5.27895211619
2637	885.123480409	8.81902896678	8.834261785	8.84624638947
2639	957.168430774	60.6599139188	25.1480803083	13.7640698384
2643	2.78036143488	2.78035381726	14.7465302468	2.78081295108
2646	501.454538082	62.9408462271	20.3769273063	11.6842694448
2650	654.628121069	190.855836512	20.7088748272	9.14570142797
2652	955.589455305	112.571269324	20.4572574309	4.57410800632
2656	988.336962638	130.943931042	22.6735023889	7.32894032986
2660	957.393455038	168.105241957	1.50817477256	1.50844988326
2661	288.837290659	137.483895683	9.94102309729	9.95908551347
2663	66.2372894285	104.350917533	20.997979058	7.05095110564
2665	957.004247824	4.88285800321	25.3943966227	4.91009885037
2666	35.6555896537	112.312819147	16.7017000161	7.33798789472
2670	216.392287494	2.9705095578	2.95652090595	2.95757849821
2671	277.473898661	106.514166947	25.6501058003	8.707206249
2673	747.567036564	178.396037738	8.16051359554	8.18734277301
2675	728.007563011	70.5396099861	6.86784011791	6.89179693197
2678	732.878510879	151.20705421	20.4700697436	8.65712114686
2679	274.087046251	106.614661186	7.48492624774	7.5054291968
2682	430.910958164	123.982315714	23.8429711305	10.8052910844
2687	205.128508894	9.44824201426	24.2919074612	9.44988012103
2693	925.52453682	193.003207078	23.0196811238	7.0216613667
2699	346.468877734	98.774168507	4.97283062714	4.97876473225
2702	866.89721217	120.128206854	22.4274005599	10.654300326
2707	412.329780979	71.4938004003	6.68529608816	6.6907084886
2709	989.520009519	197.866794372	2.12291971583	2.14519973422
2715	65.4307567886	142.65322357	26.3282609326	5.92067355127
2716	146.676760744	79.8948803133	8.64469170011	8.66016615062
2717	369.738893362	64.1309137496	4.67708851503	4.72533243177
2718	595.152224036	169.67002096	23.1287173936	10.6059018205
2720	306.33209134	123.018465356	6.90744341912	6.95746587019
2726	393.851804522	194.370923095	5.65745791127	5.67039418504
2730	767.181396664	95.1046119437	25.6106247742	6.23534542988
2732	609.654155574	15.2971948215	15.2993857617	15.3099807653
2734	358.802919604	193.725243009	6.29420036862	6.30302188517
2736	221.772938768	126.883901536	2.41288222441	2.41358654674
2741	193.511734156	108.557379053	7.06107744976	7.08758640764
2743	645.84673107	83.0703277506	4.40782436634	4.4101759343
2749	874.610657951	45.5862403196	26.1370512385	5.67087220468
2750	583.342196005	186.47533553	28.3662419977	10.5826155033
2753	868.517793593	34.5125707172	22.8109568585	7.40427504641
2755	142.503888928	144.370599894	10.8486079919	3.9182533369
2758	94.5533355813	3.76749174071	3.76220058497	3.76391345718
2760	331.886938863	6.39084468918	6.39388896582	6.40284204022
2764	790.422202316	77.7082816225	3.69335345229	3.69500418049
2766	162.003731336	30.2693119451	16.1843138941	5.13529905559
2768	171.939024364	136.849810538	21.4022636757	10.1537749706
2770	803.141034881	143.093240055	7.85779038089	7.881083564
2773	811.316523826	64.0048429723	3.67942213645	3.68106042954
2774	853.529430901	26.2851259367	6.51599126633	6.55213844644
2775	263.286257445	160.786871572	1.60307254801	1.60338337625
2776	559.163939763	177.137081291	9.27725366108	9.29096257173
2780	879.287864571	114.653345892	8.6582766991	8.68385196287
2787	760.192039419	51.6989627747	5.04267394776	5.05319095141
2791	876.453124529	136.442484133	9.95722713574	9.97810675455
2792	928.815264028	6.8416023611	22.7570906118	6.86904497109
2797	273.954807661	46.4032497773	19.5397880139	9.56503366938
2799	698.169622572	139.056505934	7.02376153732	7.03556772603
2800	851.511656593	5.59376826616	17.7535201719	5.59503166874
2804	824.129961916	8.2678717514	8.28176575235	8.30032873575
2808	292.613712337	110.918032861	12.0897191764	12.0974657084
2809	368.746474741	166.767523055	10.7275759565	2.31046534951
2814	955.040424269	89.2159549061	1.70434744673	1.70469879758
2820	181.28987969	84.8917749424	4.36887420704	4.37118437712
2824	191.314784365	62.070655303	20.03791414	6.67459745917
2825	912.800431602	142.283558135	22.9407783607	5.62604248931
2828	625.547874097	134.69284856	18.5607284878	7.95485928067
2830	365.130029975	14.0380908866	6.02934152652	6.04439455702
2833	579.538215025	145.294213142	4.38327110691	4.38559653575
2835	61.5102162337	155.90210037	13.1495669014	13.1754294396
2842	554.674749274	4.07597428746	2.94126677969	2.94231348298
2845	259.389764464	4.70777912814	4.4903715713	4.49281209042
2846	783.000688844	3.63590563451	1.40780597712	1.40804568328
2847	650.786933686	121.904811277	4.40427435759	4.40662213721
2848	436.228303325	47.1517594131	20.8227040128	8.35955213956
2849	602.187304149	73.0031278415	9.01710756414	9.03520225012
2850	141.653396288	122.576771302	8.02560731609	8.03960395578
2857	142.600110134	136.658891519	22.6419513595	10.1830974284
2860	522.603063378	12.2715195659	12.2522972823	12.2731391677
2861	9.67875944586	23.3577499045	9.69819745476	9.70209170307
2866	995.510163257	194.51015852	5.46012443971	5.50190626871
2867	846.090731471	194.409209287	5.59333770265	5.61328491705
2871	445.164640972	70.5263886666	7.66075076821	7.66867532237
2874	481.334253272	72.607185918	24.0466883977	10.94204477
2878	417.110186688	160.380398085	9.36140184782	9.37268725086
2879	433.245760096	102.271045683	5.05588241412	5.06315940693
2880	732.386353918	189.312787032	10.6721864873	10.6950702516
2881	243.500910609	111.837914729	5.9813997076	6.01404661082
2883	740.586408213	5.38262482141	23.5601214788	5.39613312732
2884	346.902018113	154.406190808	1.80455134947	1.80494523839
2888	732.771703968	59.7983440239	23.1759771575	13.2321327836
2889	487.223573933	114.566618314	5.36141433691	5.36489424709
2891	54.971484069	92.6458841719	20.256684573	8.08509238602
2892	477.250860038	85.3404550108	8.1853362484	8.20790352469
2895	829.874850575	75.3148050105	9.35566051982	9.3847193294
2896	758.215644141	181.958290696	3.83790799736	3.83969057524
2898	950.068804875	85.6031192804	5.13994715812	5.18447419449
2899	940.339018954	187.913232933	12.0792819673	12.0934924126
2900	392.922245207	47.884435643	3.5067858675	3.50827396952
2903	177.375103893	63.4809624036	4.86144286828	4.87494690352
2906	237.051808348	196.104447432	3.91008627983	3.9209333084
2907	928.969033373	97.2091423626	3.7548440174	3.75655019465
2909	12.2682654835	195.46797857	21.1507345614	4.53429711675
2911	550.568154494	154.561066453	17.193525814	4.93055958547
2912	973.167598541	80.7921871298	25.395315637	9.51099120544
2913	278.13438629	158.705675625	9.98564113432	10.0048445696
2914	483.045978743	21.4562505944	7.90329370305	7.92302724752
2915	560.909591748	16.035872799	2.3045397149	2.30518218988
2916	123.29302611	192.173139563	22.5751482979	7.82737267963
2921	133.146521521	79.1517343522	5.28020283207	5.30517744692
2925	999.046603766	82.0813640138	3.33621762741	3.33756443335
2927	478.937950936	147.357592699	23.8261430049	6.96145789145
2928	699.918630017	178.838045431	7.40700695747	7.41866576465
2939	24.8991991988	124.297983259	10.0677534928	10.1054625653
2940	154.701541841	189.79053615	10.2103886864	10.2243486822
2941	663.918937885	39.1412324157	14.5713723155	14.5908357561
2944	581.159142298	178.050741602	8.36105354091	8.36936439597
2947	455.617157587	53.2666652181	22.6802543342	9.10809640218
2952	898.250435012	20.9534515779	21.505987564	13.0837470771
2953	706.192107255	61.0409662441	1.18539963712	1.18556957876
2955	741.597373708	69.5166958258	6.73219896203	6.73780086797
2956	636.207603449	115.160825344	14.3001977293	14.3121027885
2957	92.1422430506	44.9124235897	15.0148965707	15.0409861949
2960	841.246797828	15.340263097	10.3634393819	10.3747047552
2961	593.705891485	82.2885399622	18.2935161497	6.59517204117
2962	999.53725581	140.123920685	20.9559007106	7.25781119065
2967	554.221973735	191.459849234	6.18239172625	6.19743131259
2968	667.998325998	195.124514989	21.2072228968	4.90063410457
2969	968.638518885	69.3251744636	8.34388221032	8.38296772937
2970	97.3128954002	101.448980228	1.73236338562	1.73272638483
2976	925.401651014	179.160513872	1.70100301791	1.70135299093
2978	722.841601252	137.977844851	25.0894992567	6.59186700799
2979	503.168936381	114.550265149	11.5723007486	11.5919126056
2983	445.41034226	133.880742175	10.7075635806	10.7204929297
2987	972.956595084	92.3554241979	13.346949254	7.20137440001
2988	972.848220852	128.031940355	21.5388306245	6.34035459629
2989	816.363212211	6.6265642546	20.9215263796	6.62951012903
2990	327.085218102	8.72119518671	25.6157380622	8.74826878842
2991	166.617198994	74.1004153327	11.7262192103	11.7444964498
2995	429.389695111	123.507211444	5.00906755146	5.01210483962
3003	570.153488792	32.5569302626	8.21658951774	8.23454751719
3004	419.000025886	138.669293935	11.6696795882	11.6954280145
3007	726.155519498	30.0380764595	7.71911535342	7.74750403688
3009	990.686678738	6.96290024439	28.5765687853	6.96417457917
3013	46.9715443639	117.420715014	5.01402765697	5.03973231198
3019	229.334944327	81.3868141464	7.24760170154	7.25396374256
3026	595.877968398	125.952652594	3.01845231223	3.01955469268
3029	38.0408802034	23.0643182724	8.31198164917	8.32797208787
3034	924.388084051	71.1107540086	27.0447287825	10.7915715766
3037	575.540570421	96.5206451709	23.8858898955	10.3871552057
3039	5.52586810364	177.481605831	5.53039698847	5.56414877757
3042	365.155477853	4.06443739796	4.06381424578	4.07040876629
3048	51.2913563052	80.7597752403	8.8022723314	8.82782933066
3051	341.694218092	96.592336726	22.2177509546	9.28293571941
3055	665.002167895	4.11986725169	4.12824297254	4.15648237013
3057	2.80705543117	33.2976740375	12.9332297367	2.80818861959
3059	835.869535747	171.551383158	5.29692271636	5.30826195264
3060	968.123734154	103.003360295	6.38813900437	6.42733596122
3063	70.3986720996	147.892998949	2.70321628098	2.70410036047
3065	878.226651208	191.283519045	27.5204341416	8.71754152665
3066	168.418155624	150.764465951	29.2124171322	6.19051704635
3069	358.158015762	147.612502555	14.4912155888	5.11770652892
3070	745.716801449	124.786863138	5.67794043527	5.68184366636
3072	922.385351372	126.704379627	14.5110327553	14.5159364514
3078	891.919485454	103.33514914	21.9293636356	12.8745302033
3081	79.5772845315	127.432986268	21.9219585746	8.74995473115
3082	385.221224503	74.4838967475	2.90262240187	2.9036417717
3083	53.2425833337	5.5596635734	5.55830546271	5.57298542356
3084	882.341286923	34.0657197883	22.5631220843	6.43059123259
3097	951.423594344	100.69880609	11.1013897764	11.1133608662
3099	278.384205015	172.8799539	4.48807402941	4.49051205037
3101	999.100370042	160.06835797	5.02742768993	5.0514855041
3105	8.13836263566	62.797665127	7.34784802558	7.36686915869
3109	474.428664359	97.1193445507	1.65971196275	1.6600451478
3110	47.9362822175	9.58712675132	1.98321778115	1.99021829898
3111	383.038261276	168.805349207	12.5306274996	12.2380765696
3112	770.914950696	60.3118284271	9.34412753802	9.36633765305
3113	327.560477897	90.565204736	7.15425383012	7.16631681311
3114	915.503216186	31.4381316307	10.0907613342	10.1354199624
3117	786.530923216	174.529601901	7.32053804282	7.33405760364
3119	435.00821321	145.599115793	21.8547062324	8.51175302786
3120	4.76547704141	180.555034026	16.5090336195	4.77021902477
3125	363.116549439	68.7505199983	20.6660409234	8.01715067888
3126	82.1357056339	146.471717232	9.7139480646	9.72899999527
3133	720.284772734	80.5266698562	5.78620043979	5.80252474675
3139	122.91340815	40.1849933708	19.6621072964	5.38813484396
3141	695.172521877	11.1944405104	22.9813556062	11.2059485063
3142	62.9151820264	74.0792597414	25.838641367	12.8683568161
3144	996.230539542	159.034952705	13.7426915975	4.19324016412
3147	623.702116923	34.4029020469	9.16942903884	9.19275455608
3148	378.279324537	124.350937387	16.8378464242	4.80173678015
3149	409.646528029	183.884738242	15.8278039595	15.8507248548
3150	132.07033631	152.783753615	9.53612700265	9.5653119166
3151	24.0132022768	148.877282768	14.9798441065	15.0017426886
3155	667.129926727	191.589211716	8.40381045285	8.42086034596
3162	98.3872329763	114.166597909	21.572273048	8.15355455014
3168	24.487886211	27.2918710896	6.04607544541	6.05108526765
3172	687.369147812	184.833237489	26.3677121953	6.84551142588
3174	6.48678828001	155.810728801	25.2993264033	6.49137309275
3182	732.667831735	197.703171006	1.6348684611	1.63519174426
3187	368.514849502	39.7066149947	3.86683362681	3.86864314539
3191	200.753416377	150.692181804	5.44664628249	5.45544918855
3192	821.820095188	88.8298188678	4.6190728609	4.6216553638
3199	640.316549758	29.5901664212	8.13129824558	8.14411398507
3200	363.484570629	73.4676396552	6.70708503704	6.73005065435
3202	104.535751825	79.1124878443	13.4361562685	13.4607825224
3204	135.746676337	64.859933099	9.95058471377	9.97824077069
3212	697.182554662	2.11845047997	2.07955678188	2.0800799072
3219	266.169726296	107.735653884	2.11640514476	2.11694697803
3228	945.925572507	116.796729388	6.50372211338	6.5250058524
3229	865.716921222	57.666701556	6.05197304252	6.10049360159
3232	13.5473377764	134.598377754	5.0151524959	5.01819717234
3234	390.643859187	183.497240248	5.68283283988	5.71705705163
3242	544.393114044	9.79075317919	9.78923254922	9.80608481987
3244	502.666426762	40.7206914037	20.6843045804	10.5727554626
3245	172.319740759	173.889306748	13.7994379877	13.8176225312
3246	657.351290826	135.9777032	13.3611937858	13.3821121406
3249	79.3273520358	156.459869186	23.1984355888	7.28902212166
3253	713.858803734	145.009712597	7.49400245297	7.52571385736
3260	563.491384583	162.21599369	22.1720701822	10.9032767062
3262	304.031690647	80.1661025995	22.2509904481	8.49469280258
3265	61.1350690767	84.6995712115	3.17338135514	3.1861268324
3266	717.955968575	8.77401143546	8.56269015583	8.56538396416
3267	87.8948199762	92.1963185426	8.30602846994	8.33340944751
3271	218.983954876	33.913696752	8.65483022088	8.69020515953
3272	901.618124724	85.8135166539	13.1543527303	8.99577727609
3274	989.935883197	55.3180933615	24.7546969966	7.14540992135
3275	212.668814478	130.445745336	9.62897867273	9.64814179123
3277	405.894815748	99.6085187904	8.68094810812	8.70008317815
3278	475.154775119	148.017101416	8.6703258189	8.68002422855
3287	142.365984882	9.74073931109	21.8794530383	9.74139089423
3288	888.654908749	143.521918429	4.28535656461	4.28757920917
3289	8.03508024134	48.7791755495	18.6421492862	8.04129097543
3290	848.566371905	125.151465453	7.4028074402	7.43643215166
3292	410.930265403	74.6341045955	21.5467040412	7.82331984823
3294	207.3851339	30.3220448891	21.0159400814	8.63905739108
3297	630.759285694	59.7711430712	25.3034733914	6.42229207525
3300	348.647383423	46.8306039528	20.8287500066	11.2561019775
3314	936.79543381	62.7763317575	11.0723332225	11.1102477122
3323	892.247504669	110.635863983	5.29051675219	5.30822866145
3333	40.5708951335	61.4137302728	19.8473717616	6.5532162523
3336	571.244944343	177.788155535	19.674308522	6.67832978891
3338	896.108061224	98.4531470493	2.86062630547	2.86163792613
3343	366.450524154	113.604789671	22.3021895936	7.96546213933
3345	485.42558104	140.221207457	4.54118759634	4.5436836958
3349	894.011169029	3.13160188233	3.13025649152	3.13144209066
3350	959.027054701	49.8949842054	2.51889315884	2.51966074979
3352	329.90759915	40.2905775712	10.6749405635	10.7051002247
3353	309.891326484	64.0079146162	3.48229309209	3.48376047101
3356	689.664713275	175.154035057	3.99269236313	4.00657372003
3363	226.10857358	189.930567702	10.0608487406	10.075981516
3364	452.466063712	28.0274343442	3.81993052473	3.82169639204
3366	707.586772643	110.435276809	20.6153514413	5.62216360563
3370	761.697983518	50.352217023	25.3953087623	11.6690093721
3373	660.047119697	82.1418580425	11.2580501964	11.2743249489
3375	362.412085466	189.21450211	21.005864292	7.07913735025
3386	99.7814391735	135.197998513	20.5296646078	12.9571478675
3392	329.751771717	62.7534390416	17.5004467051	12.7968264464
3393	884.938454309	53.4751256929	3.37592940785	3.37730848057
3395	38.1723848473	34.47552558	21.3755068254	9.02388813676
3397	645.940453073	150.875299692	6.55757532192	6.59016506082
3398	890.111256234	14.563464537	1.62347777083	1.6237961893
3401	975.643113631	145.90257274	23.18940538	11.8293476151
3404	853.334702138	111.627575814	6.92744582126	6.96418507924
3405	857.503062245	108.025349589	17.9049266724	5.321156598
3407	514.518464519	139.105622393	3.53691801365	3.53843180969
3408	488.851448041	150.70866677	5.60674331734	5.6247355607
3411	770.194348799	183.530460858	2.31348144525	2.31412891696
3412	953.182169765	25.3852091172	23.9176900668	8.55944566538
3413	301.721235179	195.369348132	4.62901475269	4.63636928337
3416	225.829018783	83.0284771893	20.120780808	4.44223245638
3420	365.790261591	146.778588675	24.6479415746	4.98847601232
3421	542.77681285	79.8059117173	8.43383643936	8.44830202662
3423	302.604659759	56.7038758361	6.58640724965	6.61952865197
3426	603.61461309	180.240254698	18.8262399719	3.62729726608
3430	961.579737045	122.152125919	10.4829492418	10.5132999636
3437	754.133324363	62.5429205053	7.62900792973	7.63605459526
3443	393.219234267	100.041056718	1.35311187073	1.35333331028
3445	697.694136058	95.0531243555	23.4721906135	12.8929990669
3449	252.180712709	189.143485429	19.6311580559	10.0469839503
3450	988.097729844	92.4794182371	8.62952797064	8.66652749608
3452	634.163077516	193.21702487	6.77580400433	6.78401408234
3456	291.78328319	194.645186594	5.35621379794	5.35991950017
3457	318.005542742	65.2813202068	4.61441833024	4.6169956282
3458	118.887205431	55.1143890757	3.49402175925	3.50398134943
3459	771.872707151	195.679465018	4.32280883529	4.32761926256
3460	821.312238872	146.826455334	5.00016957314	5.0169619521
3468	597.831250614	139.524619845	15.2917366763	15.3004538483
3469	97.5725141327	13.8655666416	2.58717835388	2.58798813989
3472	216.140028817	116.712692922	23.0007300438	9.84205491716
3474	122.253451636	179.74328589	27.3319346107	5.52293856131
3475	517.236773049	51.4498077158	10.2873354347	10.3106556783
3480	21.1684011478	51.8350281643	8.69859333845	8.72137346692
3482	348.689199846	180.446183793	19.1378848511	6.44200889405
3488	743.958340491	122.480549096	19.3171010504	6.66095149136
3491	72.5874653817	4.25153707288	25.4243093948	4.25355314602
3492	756.476123005	107.252108392	13.7946926561	13.8113948663
3494	618.105420097	139.290986844	6.73336707441	6.76060785263
3496	338.386767859	149.957582227	2.81433182653	2.81529010562
3498	398.385019826	170.852021456	4.57956073803	4.58209922351
3501	365.795756668	152.394703011	17.2344366209	4.31637948611
3502	153.629296117	160.738977894	9.4324556917	9.45679398446
3507	606.507427672	191.143552899	5.57924028178	5.5991112052
3508	582.957593934	87.558270019	8.71525765806	8.73926657491
3513	641.228242774	162.848312133	6.27190361965	6.28870191293
3516	466.716167917	71.0003209116	9.63776847145	9.66205060226
3519	427.998158559	193.300164007	6.70067709806	6.72322461091
3521	178.263828064	20.4550000186	24.3966905986	10.5978553566
3525	262.469675469	47.1285140312	1.98442348955	1.98489983596
3526	121.516263013	102.519312285	1.00939127337	1.00951449042
3537	291.68984266	156.763635402	23.9345405346	9.55301707099
3538	527.721037584	125.330334432	19.2649426079	6.85345074322
3540	732.487981921	134.050165483	10.9520567366	10.9707039253
3542	97.1924171931	28.0973386192	24.9771373116	5.14785443558
3543	17.8721547605	178.258209383	6.89824551534	6.91339438012
3544	145.394043898	111.193427174	18.7839924744	8.06677294446
3545	93.7994375459	64.7487962041	5.90220019064	5.9064180692
3546	127.625212922	6.53132947565	27.9642091347	6.53288963034
3547	964.267249062	192.712627885	7.30156642261	7.30268975546
3548	808.637999473	188.82013675	20.7581747164	11.1930655185
3551	9.61007595063	9.6073186107	23.0355655964	9.45666753955
3552	17.8056025893	36.4128185923	5.26077444998	5.2842619786
3555	792.269930322	193.618697162	24.9587022507	6.38676508224
3561	819.730242171	113.439213106	9.94563060342	9.98471597808
3568	554.342230855	25.7483909948	9.01717816685	9.04053106456
3570	169.456532166	113.356239924	12.7826601532	12.7894346802
3571	910.632245056	180.653206502	2.40030711814	2.40100411611
3573	255.117201587	35.218482117	21.4413637451	7.66120125316
3576	910.24648549	194.05810413	19.4944942911	5.94362340476
3578	707.023338655	47.1205712707	10.0336010985	10.0492351478
3579	775.617794083	121.254032923	10.1762434068	10.2042045661
3582	573.296150634	95.2229551028	4.09799534231	4.10002778966
3587	50.8193078522	109.36603749	22.7511724112	9.27039049439
3588	212.202144365	194.651173309	5.3406003576	5.35237376196
3589	301.653669607	143.762333691	21.099286339	7.08183553736
3599	782.437771778	98.6452765147	13.5272771629	13.5486178223
3601	588.460024128	8.16467257824	8.16973722549	8.18306274331
3605	440.572135145	196.167840319	27.5066355	3.83356315468
3607	477.767451294	38.3871634767	4.3160031159	4.31825768117
3608	397.214149731	29.6933111742	7.87055881178	7.8866982855
3609	19.4053683521	85.0045662835	5.1479919535	5.18681692577
3614	10.4728281173	96.4041501667	10.1011155798	10.1110693737
3615	971.549101388	10.8222027385	24.8003577673	10.8437753052
3620	491.435221786	104.910969718	4.64541102219	4.64802307681
3621	251.562643744	186.522799567	2.23503418986	2.23563848466
3622	877.573684008	19.893612273	5.0847018457	5.10873409933
3623	2.30679938131	184.526298604	2.2897021918	2.29033641812
3624	156.80370098	131.645530722	9.6777879166	9.69973270887
3627	804.064223679	178.425227349	6.43727266187	6.4498030543
3629	798.567070264	22.4268373906	23.2500925109	6.43858978399
3632	955.596496978	62.7366250594	4.89545137789	4.89835236468
3634	556.360690054	69.6643225973	11.7399375953	8.82909848826
3636	429.140740257	162.356123401	23.2869383982	9.13987570699
3641	8.28178506209	116.665782579	8.28787115361	8.29358053789
3644	668.769076854	178.033928867	5.53509833957	5.5471164645
3650	30.6823126314	50.3656789675	23.1327029197	8.6393076151
3651	27.9584242294	20.8084027139	23.2279117792	8.14522643169
3653	988.410473447	9.07669532324	12.9040272108	9.01999355095
3654	788.929972706	30.83447299	3.26201750102	3.26330504196
3658	501.403939233	52.2406446973	6.0890416093	6.10240137466
3659	926.31818721	174.09608336	26.7088970304	12.2789938704
3665	552.058791125	61.0608366495	3.70339888035	3.70609797261
3667	29.1838029411	39.2601016098	6.36307798722	6.36798084393
3668	291.853367611	189.893424695	20.8322325531	10.1180986451
3678	834.116531853	152.638019833	9.85646927165	9.87831363658
3683	346.541511513	20.2351324399	15.8744657691	15.8864677623
3686	497.327366888	122.94944833	28.4798879913	8.17769337338
3687	752.823342795	166.148377919	4.10452926664	4.10657649293
3690	355.694802965	123.895011601	3.04413602576	3.04525725309
3691	779.808462446	28.7914835538	1.72719163411	1.72755246873
3695	750.222507363	195.560086636	4.43751316322	4.43990263363
3698	336.1497881	187.837399225	20.5784033746	8.19111902921
3701	720.329385036	38.8641371463	21.1394543921	9.15061971634
3704	812.930340923	153.730433054	5.88861627582	5.89081633289
3709	893.416208913	179.453746706	4.72298949029	4.73702784467
3710	843.743774902	193.233829287	20.4910071258	6.77235570803
3712	287.878968928	11.9592070581	11.9706153318	11.9887997484
3714	432.98670485	10.5817966659	29.3269710027	10.5852011267
3715	820.813110458	150.669782461	23.7663787338	9.47597270627
3717	802.3328118	112.170269531	2.90114124887	2.90215957827
3718	709.430220184	68.1664742157	11.1498825995	11.1718506947
3719	626.212904917	151.100707085	7.61190180346	7.62733447134
3723	76.1199559944	113.16525115	10.0922905227	10.1108407661
3727	367.052713821	196.901379757	3.09525425967	3.10344168052
3730	300.511613375	4.33605920471	4.06290803219	4.06490580766
3732	702.825970806	152.337235927	5.8253980434	5.8326735512
3738	441.684411629	113.861363322	9.66674287375	9.68946998817
3739	552.429498619	6.19330732579	23.1445865407	6.19569753611
3741	608.801515879	161.66240275	9.96686275499	9.98240996473
3746	243.820873051	102.859919144	16.5754178859	4.28088623411
3748	490.876960401	180.641643227	6.42003926638	6.42503036409
3752	874.193576161	45.1675282593	9.35733468058	9.38153656382
3753	629.86169858	91.0969071311	10.8283766956	10.8442083074
3755	647.651736815	193.293575732	6.69431749214	6.70805076492
3757	940.913729792	161.609454857	7.69841145214	7.71424287632
3758	110.537431199	120.118133378	18.9408144021	5.63396580695
3759	837.865287	196.767026841	3.23160377931	3.23286741386
3762	445.686627298	91.0984530215	13.7793438431	13.8013037682
3763	975.015175778	195.740552446	4.2606206747	4.26883053459
3771	993.488174178	57.2609569627	2.4596058609	2.46033773294
3773	909.100681953	47.026052945	6.99396375125	7.03411545178
3777	400.889575805	120.666232739	16.285716592	14.257898492
3779	561.627617025	89.0248565749	10.3852165901	10.4029177524
3780	736.305043653	38.1554023423	2.85035484608	2.85133782239
3781	799.960385532	38.1914466427	12.6107155354	12.6333424573
3782	334.925394915	193.280682496	6.73473312975	6.74532332052
3783	978.683955092	102.069451248	2.76016417203	2.76108590589
3785	682.695184922	109.520352727	7.2307633116	7.25112970673
3787	626.690786576	130.417115517	5.65200946348	5.69886667106
3789	101.734696709	6.29544516099	23.6906641604	6.30195503186
3790	358.936585025	28.4718267412	3.46917681579	3.5246201735
3791	843.542107474	66.2920027473	7.14561789476	7.17351215174
3792	637.863774551	76.3011332135	5.44491091344	5.44850012977
3796	464.97489381	7.07692209235	25.33519128	7.0792233723
3797	246.573777555	50.7033628538	21.6523766623	10.0293654488
3804	607.113313292	196.555604049	12.8341306979	3.49883818171
3806	204.578830917	132.194918413	1.11383334449	1.11398338313
3809	254.386230474	82.5276923458	8.58415225284	8.59874656205
3810	124.845510095	33.074275966	6.52746872797	6.55992544958
3812	541.276820189	193.11446463	6.89298632024	6.9076124467
3817	251.395591344	194.686607775	5.31772853007	5.33872507163
3821	399.108386999	164.789905693	21.8717688022	6.78608528714
3823	819.682311089	169.537280504	12.5104659363	12.5334500372
3826	922.604380194	153.828250409	12.6634935204	12.6790416824
3827	399.39561222	155.909953213	8.91442240854	8.92881693945
3831	300.474111896	41.1921008878	17.1071474621	12.2807454699
3835	488.155272115	34.1838915967	16.075485594	6.00867415187
3837	156.422891056	68.9847742121	2.761460139	2.76238273891
3846	430.380480001	172.694228766	8.73992089258	8.75673913382
3848	493.914488121	13.1391354875	5.8892894555	5.91827701665
3852	434.173675955	65.4360283062	4.5068252716	4.50928371847
3853	40.525578318	126.482016004	6.15225135342	6.15881533916
3855	375.791369343	189.85227783	10.1538747493	10.1651177693
3857	149.850695752	99.4209405098	7.34452398808	7.35850400285
3858	588.291872745	118.804549977	8.50967515238	8.53244144529
3859	59.0604261096	29.5228082801	13.7404570979	13.7676150713
3860	890.638786089	54.6369403849	1.51026194071	1.51053781352
3861	897.074958332	13.5832692398	4.6606684125	4.66329653527
3864	8.79470775676	130.816989607	17.8296416361	8.80240245638
3865	450.738524987	34.4428608323	1.85782046843	1.85823796062
3869	167.336022378	93.358116457	7.89865056634	7.91972933972
3870	385.694287574	12.9341921654	16.8605038777	12.4363887203
3873	89.9247652058	123.41880336	7.30763821673	7.32370608357
3874	454.901105838	77.7185988324	4.77181183113	4.77638159434
3876	800.669466549	164.782857359	7.64635296012	7.66255481033
3880	157.218122354	60.5314525129	5.79199374311	5.79605547048
3886	128.120064358	120.540450093	21.9555691324	11.4966683228
3889	498.002124326	179.381836808	1.64022940656	1.64055481379
3895	723.029308712	58.3232702044	6.30066431111	6.31686763042
3896	26.9221135458	106.747364209	3.66426447976	3.66588929654
3907	243.532659679	87.8395176059	3.63395672791	3.63555476585
3908	595.841102386	195.29304195	4.68848973234	4.71764736429
3910	683.883135886	127.964007784	19.7344450208	15.0734165932
3912	99.8392070793	157.01671349	10.8920673961	10.9146371535
3913	817.437920708	134.161713541	8.75358388083	8.76477163279
3917	841.817939338	143.960557766	2.86026218154	2.86125200541
3918	247.118669229	9.77848764288	9.76414310808	9.79133422912
3926	783.784094604	76.2869305698	24.3294834577	11.319412195
3929	46.9822296023	144.547014411	22.4966304024	7.50265168635
3931	467.196086845	51.2606773777	7.27943777026	7.30386351319
3938	368.771822236	41.3327749003	22.559698261	9.68387219949
3941	985.600700155	195.434831118	7.00864823203	4.59262542128
3948	439.52191232	79.3776889794	2.33546292366	2.33612276121
3949	868.220446572	10.8802921463	8.18321219328	8.20124529691
3951	902.285261607	4.77478898082	4.74995715092	4.75268816755
3956	825.561008928	193.597937237	20.1329741133	6.40607060556
3961	651.245264577	178.320836894	3.66256478041	3.66418808951
3963	869.857207682	56.3379823445	20.8449299453	7.22573961233
3968	80.8573793924	51.9977366543	2.87349208651	2.87449109146
3969	792.47434504	110.407275944	3.62409125924	3.62568062846
3970	664.576064465	58.7505994981	21.807727734	6.3220503666
3976	82.4461108084	100.039251428	23.9197653338	9.98268265794
3982	873.673923021	36.6780122049	1.91434924288	1.91479253412
3983	856.720388112	21.6294773193	22.1328373154	10.0680675124
3986	318.395180796	141.450990413	20.2779421589	9.8474713695
3987	182.717245369	97.9039719348	8.11736959556	8.13228298994
3988	879.173790303	68.7934857323	28.2614532317	7.89652761125
3989	803.37996418	154.200729444	3.88581191022	3.89331874108
3990	65.6591948859	7.06122156405	7.04607325675	7.06880287957
3992	683.470951367	33.3901844906	7.0987549769	7.14099689675
3993	916.701074211	10.6698949812	10.6586535403	10.6776538517
3997	44.2402401191	14.3880765253	21.8574237832	8.91907194173
4002	854.467301921	142.62731274	20.3444624851	15.1400262341
4004	880.550249385	75.0323340674	13.1204541794	3.76689684865
4005	92.5143887343	172.822875874	4.32898599646	4.33125415309
4008	761.151394883	192.188236018	7.34494007115	7.36112733384
4009	942.03837207	73.7669243905	23.5200270711	6.31443993503
4013	44.9343014227	144.736513154	7.56480795252	7.57670056155
4016	46.8233516082	164.318275266	5.26325272088	5.26660629115
4017	575.063635699	21.1779473895	4.16808266002	4.17018525877
4019	229.186179653	64.8889387321	3.554520154	3.55604906143
4024	456.915599364	137.94391345	3.35917931385	3.36054473009
4026	597.714447775	190.453624124	16.6832441648	8.37862736766
4027	716.080275524	39.2950196923	3.14188288923	3.14307730582
4030	43.8560597584	74.28913366	21.5820997515	6.66632576592
4037	308.888562181	47.9265873913	4.38808373529	4.401264874
4040	693.412183341	195.258985222	4.68174726433	4.68440036492
4042	493.737063599	194.964499756	5.02867265921	5.05429977403
4044	142.685879871	41.4911741691	15.0603989478	14.957410623
4045	991.065702688	147.656536288	9.11884252908	9.13592790039
4046	134.608754068	23.8368696122	6.34023503751	6.38662609203
4047	829.070589192	196.499558939	3.46606985035	3.46752358302
4049	626.90559515	167.763237381	9.12932846456	9.14930932889
4050	518.567308496	149.777854854	6.45933418139	6.46438661189
4051	797.426748205	7.47192456797	21.7488736017	7.48050581003
4053	663.160600286	109.941774911	13.1655210879	13.1841841064
4055	209.325453488	166.803469885	3.16824201832	3.16945656808
4057	488.589869835	90.895488335	1.42864835531	1.42889521289
4060	690.249314074	20.4253362496	7.48199050427	7.51542517487
4061	250.211842208	1.28022516008	1.23379899562	1.2339831
4063	7.01119150546	7.01093523587	6.9948934574	7.01234886198
4067	76.0273411577	33.685501931	24.712840295	6.8670469185
4069	953.09694897	195.449592898	4.5318496705	4.57476772588
4071	905.632192867	100.523142885	7.33436463167	7.36887617476
4072	562.900956944	196.095039503	3.91850331585	3.93454130989
4075	567.714649341	192.18457261	21.1310794957	7.56101321483
4078	112.611290187	26.6320776381	18.3920658117	11.6849149806
4087	847.389399784	151.525311449	4.25728671678	4.25948032435
4090	902.888716081	141.572092145	10.375062517	10.3969823292
4094	224.935416471	135.194896288	4.4814134618	4.50318698983
4096	20.5376483137	68.4949692361	21.3535297914	12.2140865935
4099	697.745803837	113.131251994	8.25210964016	8.27807651643
4103	466.110342666	85.4373295663	20.5681490051	8.45867926552
4108	350.318586942	193.48725153	16.5052514904	6.51874653964
4114	265.456786191	15.4669188921	20.7726039333	12.3622322079
4115	232.912601984	3.19699920708	2.5560265218	2.55681691822
4116	76.9307300243	33.3543820076	6.05207092791	6.05650589082
4117	240.314221072	87.454038447	20.8869580538	10.7387031067
4119	737.728578194	164.702703379	8.67895339155	8.70413450818
4127	612.940160604	85.5065686705	7.31140998935	7.33917597011
4128	513.655304902	31.7987310053	8.15582857309	8.16892786452
4130	106.900552873	9.04103161771	9.03572536245	9.0532031166
4131	977.36997128	54.295148128	9.00640099651	9.02476826584
4134	151.727295835	112.756242471	6.14555487833	6.16615461775
4139	8.90362229328	191.119152917	8.89110889438	8.90462377816
4142	533.343235048	99.6835952423	14.3018006477	14.3266976437
4147	155.563383681	90.6418189167	21.953110278	10.6254751972
4148	752.84773024	188.843806512	23.5435043111	11.1607780511
4154	169.789795914	9.61065868122	9.5994449415	9.6139915933
4155	306.863171114	8.440557393	18.8940624908	8.44906754051
4158	317.306674661	30.2698954793	5.58516032256	5.58893694983
4162	318.639972639	101.602885511	6.98547267429	6.99752691009
4165	241.327053429	68.0932618255	11.0035658386	11.0329370868
4166	643.684438143	32.7216142447	24.4583619831	8.83007984545
4167	587.021453377	43.7076686543	7.43425654035	7.444465215
4168	307.618980779	39.6733013311	3.21332813339	3.21457751039
4172	126.087207838	10.192100583	10.2086622134	10.2181871744
4173	896.926173408	105.103127158	1.62820834085	1.62852899487
4174	526.6825861	192.23301874	7.75139705303	7.77249029
4175	404.023236667	154.752284585	26.3323776887	5.25198474645
4178	746.930413135	46.5890846157	9.99313984575	10.0074216944
4180	694.474957952	80.1375183716	7.63420393694	7.65304042896
4181	345.947716872	185.333077382	6.8507540173	6.86429643591
4182	536.019722113	184.438571583	3.18176962349	3.18299457106
4191	929.905517391	172.03405168	7.38988685168	7.396536528
4194	606.215700647	198.102156672	1.8558884987	1.85630512284
4197	703.324339442	6.56627765432	6.42092150644	6.42600000043
4200	978.165237777	184.370629439	11.1326608047	9.39530778192
4204	198.739630874	72.7456875537	20.1150774769	6.3346989608
4207	448.608755769	140.817255883	26.1876999392	6.54532447382
4211	819.780566658	192.992374518	6.99512937723	7.01196060179
4214	614.495426847	122.621069315	9.19380329572	9.2082880451
4216	367.984147148	122.578468451	8.52849252137	8.54925328468
4222	773.979271267	18.2619816515	2.30046423243	2.3011044364
4232	469.932526366	82.4234174916	1.61727647665	1.61759283852
4237	224.086359255	135.434892939	17.9188984717	5.31878008943
